0000000_01000_00001_010_00000_00000_11
0000000_01100_00001_010_00001_00000_11
0000000_00001_00000_000_00010_01100_11
0000000_00001_00000_000_00000_11000_11
0000000_01100_00001_010_00010_00000_11
0000000_00000_10000_010_01010_01000_11
00001001000_11111_000_00010_11001_11
10
11
00
00
1110001110011
0110001110011
00
00
00
00
00
00
00
00
00000001110000011010000000000011
00000001110000011010000000000011
00000001110000011010000000000011
00000001110000011010000000000011
00000001110000011010000000000011
00000001110000011010000000000011
00000001110000011010000000000011
00
00
00
00
00
00
00
00
